8 8
10 1 1 8
7 0 2 1
9 4 1 3
3 0 1 4
11 0 7 1
11 11 3 4
5 11 0 4
1 0 0 11
5 1 3 4
1 6 6 7
5 1 2 4
2 4 8 7
3 8 0 8
5 0 3 1
7 3 4 0
1 4 0 0
2 4 7 5
3 4 2 8
8 5 8 10
4 5 1 3
3 7 6 6
8 4 0 6
9 7 1 0
1 8 0 11
0 5 1 5
4 0 5 7
5 7 9 5
10 10 3 3
7 5 1 5
1 11 5 2
7 1 8 10
5 7 7 4
4 5 9 0
5 1 10 11
4 3 4 0
1 6 0 8
0 5 3 6
1 3 5 6
0 0 11 5
8 8 8 6
8 7 5 11
0 5 9 0
1 11 6 1
1 8 7 0
6 8 5 11
9 6 4 8
0 5 5 5
0 9 10 3
2 0 4 6
0 6 2 9
9 6 1 0
1 2 7 3
6 6 1 5
1 3 9 7
2 4 2 10
3 1 11 4
0 3 1 5
8 10 1 1
7 4 8 1
7 11 0 4
5 10 5 7
6 7 5 7
2 8 7 7
7 7 7 8
