8 8
7 8 5 6
8 5 6 3
9 11 0 4
5 0 2 4
0 0 11 2
10 6 6 10
3 2 3 6
10 7 9 4
5 6 5 6
5 8 9 4
0 5 5 8
9 5 10 5
6 7 0 2
5 3 1 3
0 4 4 7
11 0 8 7
6 8 10 5
6 11 5 3
5 4 0 10
10 5 1 0
6 3 1 1
2 3 7 0
9 3 9 9
0 3 2 0
2 8 9 0
10 10 8 5
0 2 10 5
6 1 6 2
11 5 0 11
9 1 3 9
1 10 6 4
7 2 0 5
4 6 9 5
2 0 11 8
4 4 6 8
1 9 9 0
8 8 6 6
1 9 9 5
0 5 4 5
9 4 11 9
6 9 9 11
11 0 0 7
3 3 5 8
2 0 11 10
9 1 0 0
9 2 10 3
5 5 4 6
10 6 5 6
6 9 6 1
9 3 7 8
8 4 1 6
1 5 10 2
0 7 8 3
9 6 2 0
6 6 9 8
8 0 2 3
4 4 1 3
5 10 0 1
11 0 5 5
7 1 10 0
0 8 8 4
1 4 7 4
6 6 6 1
10 5 6 9
