9 9
4 8 2 10
7 5 0 4
6 8 4 8
10 4 10 7
6 0 3 5
8 1 7 1
8 5 10 10
10 4 10 5
6 5 8 0
0 0 11 5
2 6 11 10
8 4 0 0
5 2 8 4
6 6 5 2
9 6 8 6
10 2 11 4
5 10 9 5
8 4 0 5
0 2 2 5
6 11 8 11
6 8 7 5
11 5 5 2
2 5 6 10
5 7 3 1
1 5 0 4
11 7 5 1
5 0 5 9
5 4 0 5
1 0 2 10
7 10 7 5
2 4 0 5
11 1 9 1
8 10 6 0
0 6 9 10
9 2 5 10
0 9 11 0
0 5 10 9
5 1 8 0
2 3 2 11
5 3 1 7
11 8 8 0
2 3 11 5
9 5 9 5
3 1 0 4
6 5 2 6
1 11 9 2
9 7 6 11
8 9 5 0
5 2 8 5
3 2 2 8
9 6 5 3
7 11 5 9
5 5 5 0
8 10 8 9
0 10 8 11
9 0 1 6
2 7 2 3
4 6 3 11
7 6 3 6
9 10 6 5
0 5 10 4
2 1 7 3
10 9 10 5
8 1 6 8
5 8 4 2
8 5 8 5
10 11 5 8
2 5 9 8
10 2 11 6
3 10 3 2
0 4 10 6
3 0 5 7
10 5 0 4
5 0 9 8
8 5 8 0
3 9 6 7
2 0 0 1
0 11 2 2
11 8 1 6
8 5 2 1
11 0 6 2
